4.907429118156115e-06
8.715789005041275e-06
5.507141525018522e-05
5.8277669682131605e-05
8.542077769568834e-06
3.79060546355503e-05
3.811952710230937e-05
4.4930927739397775e-05
3.210147670995589e-05
4.07135910636125e-05
0.0001222307692961555
1.648482066363144e-05
0.0001126457564502581
9.531002180890313e-05
0.00013425306990288988
5.292057125538818e-05
3.4300998276004524e-05
7.332780700930464e-05
0.00014549950221331986
0.00014136876834108802
4.5260493636900545e-05
4.052337215978974e-05
0.00011368365334051694
0.00012188391644533947
0.0001911471642559448
0.00015938761728656603
2.078086301671167e-05
0.0001578244833856622
2.7758119495513434e-05
0.000148960927139858
4.42672209360756e-05
0.000127265731117987
5.399685257250885e-05
3.84025459834042e-05
7.696985610496088e-05
0.00012191617869716787
6.293028730708361e-05
4.0612667552397674e-05
3.544565767027875e-05
2.2119372739659582e-05
3.8103809664370865e-05
5.0348233484567156e-05
5.491038708427265e-05
2.1925285333151967e-05
1.256576622323674e-05
1.4076902441539918e-05
8.624181011873677e-05
8.986087231382944e-05
0.00015573036132310314
4.917915559527093e-05
5.084364885865611e-05
6.66093858216199e-05
7.676661255577588e-05
5.6929377681647075e-05
7.068947397896597e-05
4.3260293193963725e-05
7.359182418961545e-05
5.672396542798913e-05
6.629663159142367e-06
7.511174809326365e-05
6.4697771516783464e-06
1.2227849081634934e-05
4.019932943918718e-05
1.4332778731803147e-05
8.61654419730476e-06
5.097735294445904e-06
2.44200304705261e-05
2.190049568154273e-05
4.574917423831246e-05
7.467179669375795e-05
1.0003761108000157e-05
6.912058492124923e-05
1.043793371668933e-05
2.2940702475660046e-05
2.211439308059948e-05
4.233615173815375e-05
4.8404698723011896e-05
5.824011534255949e-05
1.209135496703026e-05
1.993587990574766e-05
0.00010387956765545159
7.309787087412395e-05
2.588025898664359e-05
4.776180234602415e-05
3.270392208416101e-05
3.892944739219972e-05
2.4853825536807345e-05
1.6569402058186355e-06
2.5653738203136253e-05
2.2331822103529783e-05
1.2253859946326218e-05
1.0564715365743438e-05
0.00012097572275799467
6.590354208456384e-05
2.0532324472972985e-05
3.789946255553997e-05
3.622934138701461e-05
8.986910585145891e-05
2.3554630976307944e-05
0.00016863764336516596
4.094811639543394e-05
0.00013368157454471397
9.546400607698957e-05
3.618051192450476e-05
6.862761415567459e-05
5.73894374413797e-05
0.00015955901258342398
0.00014276377893207744
4.2698746041944236e-05
8.603576062593543e-05
4.092036667735499e-05
8.240760059710639e-05
8.094252655604581e-05
5.98509918075113e-05
7.305510028903991e-05
6.164038453574869e-05
6.576978943770295e-05
4.315192474407619e-05
5.2475016034501595e-05
8.56075435953646e-05
3.141745367515186e-05
6.697142476850236e-05
0.00010860666512541028
1.8854974863896645e-05
1.8578113608475055e-05
3.9026610562617556e-05
7.508647695014803e-05
6.560954995897192e-05
5.831132788612636e-05
3.5457744997503815e-05
8.012932046926047e-05
3.414098305265772e-05
5.1541522939846374e-05
1.9723564250152814e-05
4.038118693915245e-05
5.122600448020931e-05
3.173162848625968e-05
2.0986587464549844e-05
2.9057930829412548e-05
5.28860571710546e-05
5.338182601866137e-05
2.5893942622663008e-05
8.275806084102194e-05
1.7323524351686714e-05
5.4010468132414946e-05
4.6827817780675796e-05
9.500883845231511e-05
7.533152057700998e-05
9.290677943019077e-05
0.00015122984706766873
1.5158140375694934e-05
2.8132610555398063e-05
2.3031033345876153e-05
8.673880295007562e-05
4.010577955810418e-05
5.145638671737868e-05
2.009561294082085e-05
2.8017648192263725e-06
2.4174363746833072e-05
3.8164585173333654e-05
0.00011065937118806546
7.260095354528562e-05
4.2488500597098744e-05
3.0072431271503663e-05
5.3952365091231025e-06
0.00013788813879766527
1.5657361066442887e-05
7.286490702237969e-06
0.00012416601145151702
9.641678037171017e-06
0.00010538560223323501
1.559891100283428e-05
2.4144838448723785e-05
9.93202768536372e-05
4.575913289173693e-05
6.95413370355169e-06
2.0259874067035666e-05
8.507643019838094e-05
4.1100967241518294e-05
8.157928961517388e-05
6.203839525068368e-05
6.833209472471846e-06
5.8317502203277666e-05
6.71180001449237e-05
3.228295957857785e-05
3.168674023373147e-06
1.2138793169429521e-05
8.231252169095077e-06
6.423549727712849e-05
6.506259058326226e-05
4.561363159208409e-05
2.313846294065003e-05
4.0054458290673944e-05
5.797217829760226e-05
6.813132397202187e-06
1.8492384207362267e-05
2.3862636314860106e-05
3.3698385123459573e-06
8.175986262274476e-05
3.680342506181926e-05
9.25674274118082e-05
7.702903766668677e-05
3.463266153399917e-05
1.3637451888566868e-05
5.726678847857436e-06
3.0097277692618662e-05
0.00013193576371935307
8.488023718871557e-06
0.0001512122671049887
4.9308382314913746e-05
0.00010416223085201598
1.998458183641999e-05
0.00012945134870898448
6.819706131929587e-05
3.125259288232901e-05
1.5632227554782108e-05
2.672100091284657e-06
2.074474223340197e-06
3.6062442255136926e-06
1.6457018720272831e-06
0.00012738254796862067
0.0001188386380030727
4.6543632660295264e-05
3.7452320525731275e-05
5.373029283205059e-05
9.100390239741296e-05
4.263317376123482e-05
2.6293116300660224e-05
3.649265214616948e-05
3.874649521229401e-05
0.00010722006307106735
5.940142495377415e-05
3.060174210711697e-05
3.781721071105526e-05
5.209754317908599e-05
0.0001709848157642746
0.0001384776149825906
0.00010127895994427316
5.4675795612288414e-05
2.4917393125857557e-05
0.00018674038439787932
0.00011003896379641054
7.056662361852595e-05
0.00011053487318082866
1.211098662251553e-05
1.4671594375070818e-05
3.205833171682215e-05
3.707223416072117e-05
4.4892642097831004e-05
1.3696863470212539e-05
2.7515549999558575e-05
2.520970222073815e-05
5.810002713345364e-07
8.667857664128656e-05
4.0431630962908284e-05
3.213640511001703e-05
1.4856159549728187e-05
8.23167388945209e-07
1.1412146985780025e-06
3.970233925239264e-05
2.0799063956287262e-05
4.126578714776577e-05
7.775083230596343e-05
5.43312824202169e-05
9.102108945825693e-05
6.624941371155871e-05
4.712169077818185e-06
7.565850296220589e-05
7.262279037870134e-05
7.337191184227272e-05
6.774972171444404e-05
1.8057226272127913e-05
2.9953825258404246e-06
3.918048242533556e-05
6.072777390453421e-05
1.5222516984353396e-05
0.00014695111225082082
3.0427998649573598e-05
3.272098051088079e-05
3.9953516031391786e-05
7.409723002047702e-05
9.315071725973789e-05
3.714965507524133e-05
1.4661543902116936e-05
7.477865244953641e-05
7.568695407106363e-05
9.239878985609074e-05
0.00010142348556191338
4.4532572543332094e-05
0.00012033068071944444
2.2416674301473094e-05
0.00010935286671312494
8.356812742547383e-05
0.00010672004317592576
5.034646730125991e-05
5.782814739477282e-05
0.0001932689858072066
0.00010456225877077813
5.43148642129232e-05
0.00010023187067798034
0.00017242060807548532
5.747158723821283e-05
9.526917481971625e-05
4.0706234099780955e-05
0.00014395185640699026
3.241452522975696e-05
6.714739316153809e-05
4.9065227375313936e-05
0.0001485765654004323
7.237684727123828e-05
4.7318026064557817e-05
3.8926866825494955e-05
7.085294575129297e-05
5.5649008724231036e-05
0.00010101994867124653
6.478830239578515e-05
4.805114960747259e-05
0.00013559732810287245
0.00015384238573194417
0.0001258780868138576
3.790113129170658e-05
7.785981779848128e-06
7.459107900671669e-05
4.214433352951741e-05
2.8337925891824822e-05
4.3457850244121854e-05
6.292782223132898e-05
8.331148809891109e-05
7.996351934657519e-05
5.6446647836688735e-05
5.8828064660593204e-05
6.448692689411603e-05
6.224136911947564e-05
2.639134995678291e-06
3.2923345606465995e-05
4.201150619392857e-05
9.05652086722955e-05
7.461615223069984e-05
4.021419514730479e-05
0.00010078453518926056
4.851550570025842e-05
3.8966945367091554e-05
2.3890797949347592e-05
9.950720688375186e-06
1.5396567745601386e-06
8.754118060858712e-05
3.1679815930458783e-07
7.955337777570959e-05
5.457362553465406e-05
3.878575104941662e-06
3.960142218484286e-05
6.69670859747562e-05
6.552577380247726e-05
4.70368521539033e-05
7.622495175496971e-05
2.5221279464318624e-05
2.3797621460283722e-05
1.8726909716416072e-05
8.246420997938542e-05
0.00010110252344349563
1.957875606804771e-05
4.5837967875272945e-05
6.245141092303674e-05
7.610275738145766e-06
8.111906026357987e-06
9.629794786067403e-06
0.00018244445353447943
1.4846976909149712e-05
0.00014970455685503763
1.2962591986361016e-05
5.48813376283902e-05
2.4289760402992563e-05
0.00013201666241581707
4.1704024591132996e-05
7.868989954668351e-05
6.826977615215571e-05
2.8312492681023538e-05
3.0330888037055637e-05
4.463781597954103e-05
8.159786228827473e-05
9.139881147495615e-05
3.339066853763617e-05
7.480713019841767e-06
7.197520845850236e-05
9.95149486845981e-06
4.3656155403934936e-05
0.00010588490894061775
3.7002820315795715e-05
4.4496707670704794e-05
4.9226300645702215e-05
3.6327488504673405e-05
8.533033476551544e-05
4.612544804676044e-05
1.6154326968914612e-05
9.6735351362397e-05
4.849332990758057e-05
3.909410717145567e-05
5.2885042416545014e-05
2.9171677944694885e-05
7.173541344399764e-05
3.5858988570031114e-05
4.77025373839951e-05
5.067523359392201e-05
2.9271154451976367e-05
5.301735880822167e-05
0.00016537693651473562
4.72552130702953e-05
2.0370161817995225e-05
0.00012338873525476884
9.666660633789181e-06
6.857962783596294e-05
4.2958976927715e-05
2.903549926283784e-05
9.80637042191923e-05
8.814551714500865e-05
6.58244629148097e-05
5.297863779774037e-05
4.2294399895642654e-05
4.932163220952579e-05
2.85948929718673e-05
0.00010588428741686862
5.43622761417506e-05
1.1984759786568336e-05
0.00011851912397999563
6.89397940292491e-05
0.00011340158144436396
0.00012554634867770198
2.1478473295977185e-05
0.0001099980834711467
0.0001792175754054895
8.123708845943212e-05
0.0001652329992171027
2.64806269424378e-05
1.39461646009309e-05
3.0316260790586025e-05
1.0709289197663452e-05
5.9594022237180466e-05
2.7877065155322046e-05
3.4699704344956506e-05
5.774305753330697e-05
1.4932732698591522e-05
2.353271812152724e-05
2.2444093411788657e-05
3.0191429632564493e-05
5.4242210661012424e-05
6.970450494331315e-05
9.095293063556692e-05
1.4315998318963075e-05
3.2205038045685086e-05
2.5571266990292996e-05
8.022108710328824e-05
4.195510372695388e-05
5.732857598195196e-05
4.849974946888325e-06
5.534507246794662e-06
1.1853745426490536e-05
5.433029573373785e-05
6.725488828643322e-06
5.9210815568176006e-05
7.378503163979477e-05
4.3002622884480424e-05
2.0086416074593938e-05
6.69332166057246e-05
5.6404678284049936e-05
9.569141648982328e-06
0.00012090241825363224
3.6333631919405196e-05
4.1582643239418404e-05
5.417542923276397e-05
6.110233969672252e-05
0.00011318023339677852
8.931884104679266e-05
2.891202131952153e-05
8.932191730482743e-06
5.009988182262497e-05
0.00010455998706948577
5.408437643500408e-05
0.0001056616128022117
0.00012685157528527502
1.9018385256981685e-05
3.613203670669446e-05
3.171450272691778e-05
3.106114380215311e-05
5.8332111693260025e-05
3.294181724233791e-05
5.0691585990076185e-05
2.333081220915541e-05
9.218390652668274e-06
0.00011988706777854574
4.183847445867611e-05
4.2204948684024246e-05
6.486802301477231e-05
0.00011259486957851395
8.987502645196183e-05
2.6564719590116415e-05
0.00031265390056693654
3.349927618079285e-05
6.440657608693286e-05
4.122089553595942e-06
0.00010414195539876431
5.052431955322734e-05
2.1871498237513443e-06
4.5903128268118265e-06
4.9655002420056354e-05
1.3802729533860664e-05
3.474149211101646e-05
7.074790127462038e-05
2.378854463119806e-05
3.836224236850039e-05
0.00013793941682600439
2.4431851621750655e-05
2.0464234161937656e-05
1.3684641088158173e-05
3.100482047591058e-05
7.583095552711472e-05
1.1390096851707221e-05
3.319860717757722e-05
2.39838079414776e-05
3.4922125368976216e-05
1.9436981310237342e-05
1.2591827029016832e-05
3.9344013657446886e-05
2.6067667692156182e-05
0.00010998389430499911
1.5003735796999262e-05
5.356227479012821e-07
8.683547423797393e-05
1.5587748208034657e-05
1.0664429847678791e-06
1.752206594185339e-05
7.796199869437859e-06
3.8357097122364986e-05
5.3255386864278775e-05
3.02332435486094e-05
4.442119149874503e-05
8.843085151540031e-07
4.164666542114115e-07
3.4819258826368995e-07
9.93461315446087e-06
3.5196310194940406e-06
1.0052944506211067e-05
3.679500106150424e-06
9.660745302508822e-06
8.558482208408623e-05
3.6743917268807023e-06
2.0694568572440786e-05
3.5372257857733957e-06
4.9008981023611104e-05
5.237091754204878e-06
5.787330702647711e-06
9.593692790041972e-05
0.00010871069527717929
6.941309030761267e-05
1.953056938185224e-05
4.157532013556332e-06
4.7936831554740156e-05
4.8659446864633346e-05
8.07125506466777e-05
8.87786667930282e-05
4.130778523152431e-05
3.8897240516914955e-05
3.9630657358125966e-05
7.581076985313517e-06
2.0585695091599777e-05
5.887926065188285e-06
5.2629003640518876e-05
7.110719408287558e-05
4.759566564755194e-05
3.636211314499843e-05
9.214617548809756e-05
1.6727079942324696e-05
1.8815244696792494e-05
0.00012222742901965566
2.1135189624894163e-05
4.3839801683476926e-06
4.1969324686398635e-05
3.9816370444509946e-05
9.679676985831567e-05
1.7139890392595808e-05
3.478856918957829e-05
4.5755571225769565e-05
2.5406925876454017e-05
1.165694960605923e-05
5.179103311818423e-06
7.410267511460261e-05
7.839909187795646e-05
3.607539770095203e-05
5.322535534962869e-05
5.037122113413228e-05
3.272234609502135e-05
2.1761978183178904e-05
2.1940164025763265e-05
3.063749213789296e-05
7.336162938048618e-06
6.3766410008543e-05
2.0708075541192583e-05
2.417542162458375e-05
6.389071857107465e-05
7.180978884219202e-05
1.0073310700652038e-05
7.382408435446667e-05
7.97369923847234e-05
0.00010013024273636522
9.721078216271863e-07
2.8060767433998185e-05
1.356551221799165e-05
4.7063252728393734e-05
4.2945558015067276e-05
3.3587140124136106e-05
0.00015031961698119822
1.7570115449783152e-05
6.1886889421367e-05
0.00016874467488170453
5.533431629314834e-05
6.643284976992625e-05
2.584315020959238e-05
4.396658564226677e-05
2.991022757623668e-05
3.19831126468495e-05
3.0685055789853824e-05
4.326413114638661e-06
3.180182278796073e-05
1.4834026515312543e-05
4.8367733718288064e-05
3.000992944570194e-05
5.2289394162782776e-05
3.092942225142725e-05
4.995482270086886e-05
6.307913100245949e-05
1.4812212256708202e-06
0.00012237232438189584
0.00010084573642383382
5.821165225211589e-06
4.2155226563783676e-05
7.384313058415859e-05
2.8129559197911935e-05
3.746694446079505e-05
3.536065523356696e-05
9.237689892561615e-05
2.5377710509495027e-05
8.881321894531682e-05
2.348750740260863e-06
3.5687831786479496e-05
0.00012955767756828163
4.915262726643693e-05
1.793407659289592e-05
6.707908837698395e-05
4.760605254887362e-05
4.72641270272689e-05
0.00017743917283624677
8.955277055266997e-05
8.240960439942491e-05
4.474275699353769e-05
4.811608437422718e-05
8.823165919075171e-06
1.1256429094136378e-05
5.095166159030731e-05
3.0606464943721406e-05
3.2050386060439306e-05
3.1704074069764665e-06
3.27283407043355e-05
2.35508627623969e-05
3.3097574590738865e-05
2.3251478423302885e-05
5.672540592036035e-05
1.0876523473604682e-05
0.00011028297665921852
7.264018794952282e-05
5.4777600065281096e-05
4.673568867763836e-05
3.876381818467001e-05
1.2137965252068117e-06
3.1681014626531306e-05
3.9752258259140305e-05
4.915924136652053e-06
4.700460544356964e-05
1.1610080943191825e-05
2.8525532202478e-05
7.365070875784384e-05
1.8621604852737256e-05
4.872811103894675e-05
6.63634329520768e-05
2.063827464444945e-05
6.537356617913881e-05
3.929585286835402e-05
0.00022751793372137452
3.3878997643760345e-05
9.228158630081307e-06
4.353555442926371e-05
5.053512012345718e-05
9.645746386286423e-05
3.98436045999373e-05
0.00011867839416612735
1.217004445530634e-05
6.925256659458777e-05
1.0917756364997588e-05
5.821399844425229e-05
5.4825891376141835e-05
0.00011134349181400605
1.8147124967171635e-05
0.00010859140331582334
0.00011675507644026695
3.406378149334137e-05
2.097521402275298e-05
6.620429265341565e-05
5.9943125838245875e-05
5.5276741766120685e-05
6.879478322274757e-05
0.00010076133834774348
7.858417634255821e-05
6.574632186665593e-05
4.760981802725411e-06
6.691943239674203e-05
4.4303366614028075e-05
1.875116486708961e-05
2.837018317221546e-05
4.496431257814196e-05
1.2656845564821065e-06
8.093972995842219e-05
4.230669221878705e-05
5.0952579624119476e-05
4.293915464063502e-05
1.9863248911261566e-05
1.6490828017936415e-05
7.076821607759909e-05
2.8304829706171653e-06
6.224927221501822e-05
8.058762704016981e-05
7.228046447703418e-05
6.553019916219482e-05
1.6894108841897237e-05
6.95934912228937e-05
8.180023657849977e-05
5.3188715144027784e-05
0.00019198443042725555
8.610248395310438e-05
0.00012133942282203936
7.454929942971034e-05
1.0087872687889604e-05
4.0167598122307566e-05
3.537980572300946e-06
5.02015112659902e-05
8.413173829150203e-05
1.5022769527625601e-05
1.0328308900846295e-05
8.075929833499897e-05
4.072719094847877e-05
5.2433431924676314e-05
2.206959365523651e-05
0.0001246908653730755
8.092075654614339e-05
0.00021036246487298946
1.882534311969941e-05
4.216157161629486e-05
7.389923654370356e-05
2.4062233133684274e-05
4.501537426288005e-05
7.058158699176954e-05
4.2424592553418766e-05
2.6180747158252582e-05
5.448899596890988e-05
1.8889163263710942e-05
2.439631796440772e-05
7.290701865098059e-05
2.8562196723092015e-05
6.944103646238341e-05
0.00010853224779706905
3.2133859688060484e-05
3.7765263335987065e-05
5.011114887831791e-05
4.196012012250977e-05
4.2887764082649715e-05
7.759269244436012e-05
0.00010690848904046368
0.00013798889355996768
0.00013237751253861868
0.00010921772585728573
0.0001662125561256167
0.00016888569250442242
4.6867677994139045e-05
1.2537239433715874e-05
7.239823078500351e-05
6.74733614612899e-05
2.9013406677019793e-06
3.6033461336640316e-05
2.983466103556598e-05
6.52194016367378e-05
0.00014449277348001222
0.000228859134170133
3.5814644430309794e-05
1.7806928615875586e-05
2.6184918820060243e-05
8.716535662407071e-05
7.430593251445128e-05
1.8673599115968942e-05
4.248267291664942e-05
3.079808798117992e-05
3.410380563062532e-05
5.9926621916894796e-05
5.394245983003643e-05
5.5399424093882654e-05
5.3278465794878715e-05
2.0705796783121455e-05
3.0035671747388054e-05
7.730970816227645e-05
8.171948508303023e-05
0.0001090476821783426
3.796771617525785e-05
5.490546941122609e-05
0.0001339358333268259
3.419503336493657e-05
2.6043601657144144e-05
2.2248174849040514e-05
3.9949710093405144e-05
8.756700898215897e-05
1.0167001884701311e-05
6.844107187658696e-05
5.2170887400697016e-05
0.00010930184555020539
2.0796215728702272e-05
4.62888872953815e-05
2.0209721328157126e-05
0.00012232004060688806
1.7761630389710953e-05
9.499475403348945e-05
1.3745236106282865e-05
4.490372618359828e-05
1.2659999980346726e-05
3.51625589250712e-05
3.112132898880349e-05
2.3420265373871874e-05
5.617844232292876e-06
3.032173078887368e-05
0.00010686633045497995
6.479522195179666e-05
1.1461524823383473e-05
6.62215312789427e-05
7.624461456967602e-05
4.130442202221474e-05
0.00010970925744924198
5.7628623137739865e-05
3.6363265385475074e-05
5.789427236307931e-05
3.657369150340817e-05
8.52717403544978e-05
7.408255737084701e-05
8.206857273435064e-05
8.994690849108145e-05
4.7269212709588615e-05
4.545183100529426e-06
0.00011141622264393414
6.726041545714653e-05
2.4047461871859466e-05
0.00012766715191710187
8.476113782398056e-05
0.00021915555309780232
0.00011076287951039543
1.2641480364783408e-05
5.029973574044444e-06
2.860299937096052e-05
1.7947863700261413e-05
1.063263976039397e-05
2.200201936375379e-05
6.009955040943427e-06
5.504120835964077e-05
6.636771729451318e-05
3.688628621652257e-05
4.743489400232427e-05
1.2133663783581161e-05
9.584364614614871e-05
2.290814255235911e-05
3.621153151885624e-05
1.1110788197765675e-05
4.526536003323506e-05
9.725344360470359e-05
3.952342738136605e-05
3.9319512866883843e-05
1.3580470823951456e-05
6.298361594700864e-05
6.786411867738817e-05
6.721789169968073e-05
4.171783681199484e-05
3.338063996642486e-05
7.147844310002177e-05
3.1667829305692674e-05
7.386065619077731e-06
1.1623590422782382e-05
2.1620347992610395e-05
2.2031530246116593e-05
4.216823334901587e-05
0.00010606547378136464
6.363106187503784e-06
2.9518635637604262e-05
6.575885307960735e-05
3.781882524887814e-05
1.9787749685043488e-05
6.66313983889999e-05
6.721956408473062e-05
4.324204694544642e-05
2.902529642153512e-05
2.8160132521673487e-05
1.408908508816406e-05
2.6758638277853738e-05
0.00011727751229757832
0.00012826748479843886
9.0813494712981e-05
9.983828728693522e-05
4.6879519309352136e-05
0.0001233110372322859
5.899224589021824e-05
3.121453111105954e-05
2.6960673653791956e-05
3.530523093177307e-05
3.430279613825596e-06
2.4726584033948895e-05
3.803936612867265e-05
4.076427038746111e-05
3.601672157560465e-05
9.460208310074769e-05
5.01435423085235e-05
2.460410291013626e-05
4.9398479285506225e-05
2.9373368055233065e-05
8.94776889551821e-05
0.00010470059808406589
3.554885190401938e-05
9.651638542865996e-05
0.00010289080091320513
0.00011114623092333374
8.131446402580116e-05
7.797216180638333e-05
1.8386758742876264e-05
9.572729195728158e-05
7.610655359536426e-05
2.099241656700057e-05
7.573894192509228e-05
5.315656480108649e-05
4.745234766734274e-05
8.299507292697239e-05
2.4811332013540592e-05
9.944838694708009e-05
2.0197099556345383e-05
6.000277817030616e-05
6.442819161790736e-05
0.00018780097178432522
7.684595241173875e-05
4.6838890451358917e-05
3.904417311639645e-05
3.2665274179763826e-05
4.215408917378899e-05
5.274639043828869e-05
5.866706363390206e-05
9.174060470838047e-05
7.194481367995414e-05
5.35475760466142e-05
0.00015935828341079317
1.1412690862973307e-05
1.5064293197863954e-06
3.873522896383555e-05
2.379454222031785e-05
7.206655408652099e-05
5.472357497489366e-05
3.124056878467396e-05
0.00012815044878681375
2.766467637937628e-05
9.255112452340696e-05
3.22024547406187e-05
5.657930343251627e-05
0.00013905850748552329
1.9504193194444866e-05
0.00010877822691640615
0.00010785437338697856
1.764379551184858e-05
4.572871504673892e-05
2.3978651605971457e-05
0.00010923378041488574
3.575147560049355e-05
5.749304724888757e-05
1.1768550723511607e-05
5.044512427782727e-05
3.925363223822309e-05
3.940818553063285e-05
4.7130883370796045e-05
5.6897519233739535e-05
1.4362415996477251e-05
4.006834415053173e-05
4.112295521030429e-05
0.00012816889536972683
2.9719102274498865e-06
1.1293562403227181e-05
2.0026444759046677e-05
3.9038985197803466e-05
5.29565182939562e-05
3.234300452525929e-05
3.4125862676731566e-05
6.725296981074935e-05
3.305913114472203e-05
8.712643656917651e-05
4.061534181202045e-05
1.877064619205948e-05
5.844706316401882e-05
2.7811247502021463e-05
7.39690077748989e-05
1.4738310010684041e-05
1.6049221032377048e-05
4.2528187460429134e-05
2.9095833184903698e-05
4.186230940028679e-05
3.843484069210312e-05
7.057830661216791e-05
2.8312675592778724e-05
2.1964538247210008e-05
3.352835730292825e-05
2.1304906041907934e-05
5.488401757000605e-05
1.409319313893341e-05
3.190189431490076e-05
6.68881460041959e-05
6.437518329972802e-05
7.461821949872327e-05
8.470624410481211e-06
5.676469164048875e-05
8.225995588867496e-05
1.1656001756999573e-05
3.604055265965522e-05
2.9460084020549665e-05
7.788503297304072e-05
8.9008876419161e-05
0.0001003353844785948
8.740746992352832e-05
8.57260742592042e-05
7.648234346073479e-05
8.046080230006414e-05
7.512524268088461e-05
4.013337896802138e-05
4.8905386897557523e-05
1.9276020715330855e-05
1.311956101439967e-05
1.6409382113474758e-05
2.267749376078836e-05
9.343265599975892e-05
3.3462916308478474e-05
0.00010912963119679917
3.501253555145134e-05
3.3045540171194876e-05
3.8559950524708064e-05
4.37693504358877e-05
4.628953520201002e-05
6.191479376413227e-05
7.522997144388584e-05
7.009364671834578e-05
4.844514506463504e-05
5.020500006921655e-05
5.22727817126728e-05
4.6145457110943755e-06
2.6236163817858378e-05
5.866061915673314e-05
1.001877444287147e-05
2.6306424949884555e-05
2.5283721145526183e-05
4.238039641147381e-05
3.062159876743298e-05
6.611725090199805e-06
4.835832822259328e-05
2.4599075396779246e-05
5.54930410878382e-05
6.621672239863138e-05
2.4788469778824762e-05
2.7909152850776747e-06
2.9658903198087616e-05
5.700855062462651e-05
5.0427224512164526e-05
0.00011867182413946228
4.451743480960585e-05
6.730104980484652e-05
0.00014046141428047942
1.678910697591545e-05
5.413767233246325e-05
2.5151692587099816e-05
0.00013838453863573939
0.00012319603336069518
4.395321264571983e-05
3.7459422282254407e-05
6.622016161494243e-05
7.549078894164563e-05
6.702170111964889e-05
2.3040303765507752e-05
4.214255586867943e-05
3.255313320956604e-05
1.8486492003311206e-05
3.0410219116316917e-05
3.246516484665951e-06
8.617929869969565e-05
0.00012688920210569832
0.00010507831489068448
2.467482485105782e-05
4.604987291390028e-05
6.704420280789769e-05
7.825391037410978e-05
3.335165447191854e-05
2.2557086502456546e-05
1.5170467092054385e-05
5.601762867712967e-05
8.141036121197143e-05
6.641185641217962e-05
3.297873582030868e-05
3.2632954108328255e-05
8.4671399895164e-05
7.015609111682419e-05
2.07257152627649e-05
6.177110481836445e-05
8.645227230755226e-05
9.723552852947126e-05
6.837299077017134e-05
4.17222685651919e-05
3.168724953922508e-05
5.679313131216196e-05
1.547181244271681e-05
5.297631110345868e-06
4.326383847056553e-05
6.750933765174716e-05
1.1727721385915851e-05
0.00015399275016222957
8.96438326683513e-06
6.16046762721284e-05
7.844222697422909e-05
9.756096585017415e-05
2.9280974277845484e-05
0.00015967621548968695
9.935914730094253e-05
3.073949416454447e-05
6.273020550937036e-05
9.05009074977925e-06
0.00011463902164213224
5.5882971436094914e-05
3.237289903290641e-05
4.285435023093642e-05
3.889784791258344e-05
5.4063874427190406e-05
6.224556966029707e-05
4.722164814696672e-05
0.00019220124571912856
5.58159536557315e-05
1.8266121000994236e-05
4.8351446406029626e-05
0.00014767318616274762
1.0487341644660475e-05
2.6302853341360214e-05
1.8099521460332967e-05
3.133740749516889e-05
9.89862973383819e-05
0.00013422220716098783
8.725197991910289e-05
7.313485205340253e-05
9.739887118914714e-06
4.506993869213792e-05
6.868892112972536e-05
5.1681376719877985e-05
8.053662249163374e-05
5.5825624962348164e-05
4.241871617058357e-06
4.605238766445044e-05
2.232480394059877e-05
5.0693873596241446e-05
1.1970110426917646e-05
6.575602613187459e-05
2.5219087258034067e-05
3.668499961122099e-05
1.727617135666333e-05
2.3772964412558523e-05
2.91561888515271e-05
2.097931508128481e-05
8.10449371251229e-05
2.580448633188008e-05
9.049254556319289e-05
3.222133835871456e-05
9.991889726829531e-06
4.6476702954656446e-05
6.377034690785433e-05
5.882107623840331e-05
7.292157131587491e-05
5.108229862719332e-05
6.108578718895687e-05
1.8977605540856923e-06
1.4991487773996062e-05
6.686079798052386e-05
1.413575430581071e-05
3.0315594183887365e-05
2.4614122134527378e-05
7.621324563638222e-05
2.4966864719588866e-05
0.00011503494930598102
2.8174224620293453e-06
1.7745679331770958e-05
4.228969468135502e-05
0.00011268062971138415
7.015680501794644e-05
2.7207418766272973e-06
2.4823541456955867e-05
3.801207476186383e-05
0.00012553088095148754
2.3469821458226015e-05
1.573400094123656e-05
0.00013643268662148333
1.7668322699275485e-05
2.20216305392585e-05
6.352305461528561e-05
5.057857606922088e-05
6.0359660005960755e-06
2.5702335572846263e-05
5.8552859437177585e-05
4.783586924067551e-05
3.833730284424908e-06
1.8223690983941877e-05
4.7023202237270537e-05
9.14703165112371e-06
1.9684347018600334e-05
1.1976883041379949e-05
4.793964596339767e-06
2.274876441220406e-06
2.1438116906550772e-05
9.857096383569797e-06
3.458305399810582e-05
1.8557104566954696e-06
4.093543447753617e-05
4.5925353875233416e-05
3.378846486867815e-05
3.7266068235286554e-05
4.239353422384046e-05
6.324970901489869e-05
8.554467928650883e-05
1.4249282166253503e-05
2.6757009783292315e-05
3.042713415034315e-05
0.00012959024696732047
9.18323782218844e-06
3.2315238364451215e-05
3.520044033430633e-05
3.64911397328499e-05
9.895638660556427e-05
6.476602636667356e-05
8.331402619109196e-05
4.1866705483048494e-05
3.479834020403416e-05
7.64777871643937e-05
2.0309626267064288e-05
8.169228916380875e-05
3.594460826142256e-05
1.86414274062751e-05
2.694806898089451e-05
1.1546812887277755e-05
0.00011827886875435262
1.5356011750289333e-05
1.4440727366724906e-05
4.27927201775433e-05
3.912279919864904e-05
0.00010298849285250364
0.00011294837071904994
4.6463303815017475e-06
4.769619753433867e-05
9.767538216140514e-05
2.1362246981126987e-05
4.8815436094862275e-05
1.762687638114102e-05
0.00010858265299505676
3.2997174386849466e-05
6.45617455150016e-05
6.595069455229974e-05
6.628686830672387e-05
0.00016462761856584664
0.00011820077013717512
1.2651097318835958e-05
1.9162809862781523e-05
2.0724064735071213e-05
2.5922169214036284e-05
2.742439058582265e-05
4.5103238429114456e-05
9.732974256489862e-05
2.847046069694159e-05
8.464106547769758e-06
4.8445500361553664e-05
2.3305031511731966e-05
4.234534490024644e-05
4.090104988508855e-05
7.734585389584936e-05
8.554749022367594e-06
5.3676048346871976e-05
5.615311432098473e-05
6.553276126288789e-06
1.5301806225767687e-05
3.1453588714841496e-06
6.572235463884877e-05
2.2073958688423843e-05
8.500758389974779e-06
8.010099351368413e-07
3.8915465986680275e-06
3.1227088124530233e-05
5.940067888685757e-05
2.852369127115395e-06
7.30469280046981e-05
5.4658043748609245e-05
2.7274119415604666e-05
8.002648196912387e-06
2.744362576035178e-05
4.497585551871354e-05
7.839893901580644e-05
1.939723223990525e-06
9.705742146483634e-07
3.646532098082467e-05
4.894849423692227e-05
1.2240101824439673e-05
1.0066027701122193e-05
1.404258041817763e-05
2.0116825085264578e-05
9.185734594716749e-06
1.756810396530417e-05
5.0364050203519084e-05
2.9812544516616413e-05
6.041122658909104e-05
0.0001432125450528121
1.9153647278613573e-05
4.060424583784972e-05
0.0001246671505933869
8.728049421216633e-05
7.721594873583149e-05
0.0001542247433127253
3.820994204989381e-05
5.973140240726803e-05
6.676656009073183e-06
2.491655423800948e-05
1.8126372533858182e-06
4.8508074227959774e-05
3.960155238055818e-06
3.854315968787429e-05
1.7857092225931348e-05
5.1635555628180146e-05
8.408238273537906e-05
6.991126404079506e-06
1.8871738188375176e-05
4.806503960624875e-05
2.8217242888657623e-05
2.9512393741659704e-05
0.00010042164281287569
1.2913601925346185e-05
6.184518839832606e-05
4.126316492085447e-05
4.889675405247984e-05
2.5782586495479154e-05
3.985338910128533e-05
4.8709764315257864e-05
3.14569243488258e-05
5.089220236254022e-05
0.00025266763809833614
8.043846577450442e-05
3.441897489386836e-05
3.2206834771689175e-05
4.514535316455827e-06
0.00012237121251390537
2.0365924770768262e-05
2.994703338282667e-06
6.985056963877342e-05
1.1735027479309323e-05
0.00018889564705082407
9.870985533928789e-05
0.0001004555333490309
0.00014256133651810443
0.00011983223528189146
8.118659192188175e-05
5.065023267136759e-05
3.2855681633373046e-05
3.5114851806711256e-05
0.00011857405263701257
4.645645253801428e-05
7.645596160282819e-05
2.4196080197809965e-05
2.7158167396571647e-05
9.269470033784755e-05
1.9274348590454793e-05
2.7573258028587566e-05
6.234407732450334e-05
6.596703614282495e-05
3.17419315489292e-05
3.753203824824296e-05
9.11562405442835e-05
0.0001450028800559335
2.3600485168923623e-05
1.6121272299367967e-05
3.0122250153918895e-05
2.9351648797276697e-05
8.484925718166281e-05
6.865634715727542e-05
2.849561112972009e-05
5.03650445022848e-05
3.6814380926876444e-05
1.7814194023454966e-05
7.094860592790977e-05
2.7686293329210604e-05
1.0684325184726756e-05
6.734316414627739e-05
5.4136170664090266e-05
1.3657348199164199e-05
2.270684236543863e-05
9.363718147262223e-05
8.219468350056935e-05
2.279428518392121e-05
0.0001226445390887232
2.9283743085070646e-06
1.1289584405741945e-05
7.776353793790148e-05
2.836676011136463e-05
6.318722948225192e-05
6.93983308589349e-05
4.275733991069772e-05
1.1388945894315328e-05
1.2915170901004781e-05
1.2412543407624294e-05
5.7749157982289745e-06
1.800786415656619e-05
2.910888187687699e-05
3.74380353451928e-05
7.422094449450263e-05
3.2448591485450054e-05
9.507820819487645e-06
5.0018774000876176e-05
5.7727243343297374e-05
3.93932148279319e-05
9.56238908778606e-05
1.7171329780962807e-05
1.677409395850482e-05
3.481701194682496e-05
3.995208772583636e-05
5.60110907241243e-05
5.693470755084584e-05
0.00013540617121204912
3.912458800727284e-05
3.385118867647342e-05
8.357007400211502e-05
6.991822789712259e-05
6.006402545269407e-05
5.6477472853561084e-05
6.929617800989409e-05
3.109486136415509e-05
3.44071304580933e-05
4.1288769369640806e-05
6.0564409328420915e-05
3.8848974644789536e-05
2.3867094449833703e-05
2.0050999247164802e-05
2.2200947019285905e-05
8.094514999329797e-07
2.529705315696849e-05
2.7960841177704365e-05
2.8826327653766123e-06
0.00010647811594447442
1.529535320816261e-05
4.2202818297129574e-05
2.205227041883473e-06
1.3009818555939634e-05
2.870157595313838e-06
3.2068802525569984e-06
0.00011035731585296027
2.5916801469003103e-06
8.592822579021886e-05
2.9839301647793803e-05
7.198413170095286e-06
1.695635501364201e-05
8.653880929587743e-05
2.3206472055559146e-05
0.00012715385592804163
8.657323688269353e-06
2.9032603116631306e-05
1.8338104903319226e-05
5.5623151712175245e-05
4.048576880791299e-05
2.8354901286178902e-05
4.749377295376611e-05
4.4605632116653804e-05
3.9395445394940776e-05
5.354646336677704e-05
5.542100477155809e-05
3.7084641085705083e-05
1.1783651041416543e-05
0.00010682797103907585
2.156026469918304e-05
3.530219930464838e-05
4.8136116580915767e-05
0.00010271421114455004
3.945709797503749e-05
5.331042240253048e-05
0.00010827102579884663
4.3098952965142656e-05
3.41189641800653e-05
5.7531223002215207e-05
3.536525069224982e-05
9.467422320846852e-05
3.4534637356087305e-05
0.00012787240114287002
3.930308573907304e-05
3.918588014089827e-05
7.105333265799985e-05
1.769325586774978e-05
2.3631516452349288e-05
6.413201821060116e-06
3.7802682523737155e-05
6.67103942769906e-05
0.00013299223425302167
6.271492540606272e-05
2.7744105496219085e-05
9.949921534552209e-06
2.154207654976592e-05
9.290331898878512e-06
8.311135541009401e-06
2.3113381371731023e-05
0.0001135343339285777
4.2276139517544165e-05
3.0565083064251945e-05
7.470411835758337e-05
6.107566000636278e-05
0.00013117430786002693
4.921229785270764e-05
6.909403391629622e-05
2.194597314901514e-05
0.0001317924155135649
4.384984509836487e-05
1.0200784088518211e-05
0.00014340088698527528
4.3261931801893624e-05
2.9732680561509253e-05
4.8039544652489496e-05
9.468901220509827e-05
2.8547901198244796e-05
1.0785954218883731e-05
3.142125207411528e-06
4.7928381379097607e-05
2.765102060675595e-05
4.664564687310857e-05
3.054194314570241e-05
3.919730157220247e-05
3.931535424792597e-05
3.9970827749535864e-05
9.743758799363178e-05
1.9094909489573812e-05
4.1685966909637065e-05
2.3263203268869548e-05
1.1339397792381467e-05
0.00015571830445640367
6.111015382456036e-05
0.00011858451096863343
6.766755719644912e-05
4.534646628873151e-05
7.003676180028506e-05
2.2331584581258834e-05
5.12999199405173e-05
7.176452274390566e-05
9.455184694591445e-05
2.4251684939108342e-05
5.602357874728847e-05
6.67263513009636e-05
0.00011567168761059815
3.2320700829396865e-05
6.580414796086842e-05
3.445170664356789e-05
9.268094451150843e-05
6.438913670130109e-06
1.809871820479536e-05
0.00012020720398606133
7.535688026182966e-05
3.4322399560689915e-05
6.824453707262451e-05
3.678732748702007e-05
7.883917027357024e-05
3.518930746466975e-06
6.386633254751306e-06
3.438427715007908e-05
3.746150875429122e-05
3.5968747655004685e-05
7.912916973464718e-06
4.808837538862465e-05
6.873571209584095e-05
5.211796450750421e-05
6.740002973540382e-05
8.13709348620878e-05
0.00021706164396917416
0.00012063065936471305
4.0040518159145666e-05
0.00010865170818513681
4.782966219282064e-05
7.810762419738215e-05
8.537049801321875e-05
5.579302373207376e-05
7.973188766517009e-05
6.422757030485893e-05
0.00010619028339674784
1.9902825853984618e-05
1.3754423178163888e-05
3.1029530725978915e-05
9.070092332308377e-06
0.00010314688102594288
3.722257314882262e-05
0.00011421514918916187
4.024617370403105e-05
7.390529202514623e-06
7.452842678351557e-05
2.7850906845540554e-05
2.6319047256813388e-05
1.4573201070105374e-05
9.233451670056375e-06
5.807773000299221e-05
2.5701281506071427e-05
8.676142696437128e-05
0.00014336449375998775
2.6956683792543276e-06
2.1054348724250382e-06
0.000110883722273733
6.240529835075878e-05
4.299547229879436e-05
9.111417894601057e-05
5.836000479820386e-05
3.2591396167108017e-06
4.759943724908086e-05
3.5574792920378684e-06
9.198098375224131e-05
0.00015479970743212737
9.78263405134348e-05
3.353005596787306e-05
1.6685637861540287e-05
6.839624485407633e-05
3.5502959534416956e-05
6.882304579206022e-05
7.204057237093775e-05
2.877894976716089e-06
9.248897540334658e-05
2.209212118105871e-05
7.48522530356413e-05
3.98509004573e-05
0.0001248837181680451
0.00010071525234200615
4.9465056079722736e-05
5.641300163982364e-05
2.878611830031512e-05
1.8700648701505673e-05
2.3862705161165065e-05
3.706134944984896e-05
3.267501712134191e-05
4.116778204306913e-05
3.5263998614145156e-05
1.3154195122350165e-05
7.359829581386756e-05
0.0001041405984976082
0.000190438943986182
3.869815893875472e-05
3.4392830902119087e-06
0.00011742717386351714
4.745950842105495e-05
8.684332019637253e-05
5.9927088466971146e-05
7.638676714027265e-05
1.8177839418835086e-05
6.357131761854703e-05
4.6801990227246515e-05
1.9947454395263797e-05
7.783151447532388e-06
4.1744669084020636e-05
1.8979310254740867e-05
7.195417182129238e-05
8.650699847791848e-05
7.801956895682471e-05
0.00023136079642815943
5.199744958118285e-05
0.00012389342690156957
9.136811341799167e-06
2.77820431780762e-06
3.214925823830095e-05
7.81552119958756e-05
1.6972087042793627e-05
4.2475159457655565e-05
0.00010912961107074903
5.554122420796696e-05
6.834088509025116e-05
1.566729885254907e-05
2.6959680398924712e-05
6.670188144038917e-05
0.0001046952670209697
0.00015076863876284374
3.1951532081034295e-06
6.487239379827925e-05
5.71609430276461e-05
2.7368667826233387e-05
8.769199592431609e-05
9.207415488177162e-05
8.997557635772799e-06
1.718155050513541e-05
7.306548491264886e-06
4.852927341334953e-05
1.6136475024516178e-05
2.56200189638206e-05
4.58738108268013e-05
7.504348701922042e-05
0.0001237735585892033
3.136487063919863e-05
2.5541751152782788e-05
8.357686170391843e-06
2.74255497580714e-05
5.652478241229171e-05
5.8102198011888984e-05
7.15429504116738e-05
1.4901483066473431e-05
2.4901328115572687e-05
4.564338905571619e-05
3.6661193189679864e-05
6.161707502689087e-05
1.4866748723113554e-05
8.91229065969057e-05
2.1865182531256855e-05
0.00015463367576179499
0.00015441141719156615
2.8464220319202732e-05
5.943088485436954e-05
5.924495392654883e-05
3.151510378276989e-05
1.8107324102119987e-05
1.6142483907771732e-06
5.902633087195852e-06
7.898444877919852e-05
4.7576296250249504e-05
6.122187542545454e-05
9.114076420013717e-06
6.571177717140664e-05
1.973426448231841e-05
1.816650943101128e-05
3.820303341696071e-05
3.3088620308600186e-05
3.83403610587584e-05
1.9443287529362797e-05
5.514469678583045e-05
3.504472752262344e-05
0.00012842698884923953
7.002378393923883e-05
6.356932190071385e-05
3.008280203407182e-05
4.059786187636527e-05
3.192499257828954e-05
6.139693452055645e-05
6.670065381331886e-05
5.5482420837370304e-06
2.9742364900304553e-05
2.8338638913458745e-05
5.5716193485655374e-05
3.319873150450792e-05
2.212957219757195e-05
5.722463443725038e-05
3.7470877011655523e-05
6.869684501231016e-05
3.5077999133728555e-05
3.258935023125499e-05
2.839731959052797e-05
2.6234932010805968e-05
8.902534398292213e-05
8.156286896203804e-05
4.687573626186922e-05
1.361912794501513e-05
3.763524543257731e-05
3.601270696468404e-05
1.9349011770824e-05
5.765283967259366e-05
7.476093422529575e-05
1.394839915830337e-05
3.3223003473831225e-05
0.00014255246425502743
0.00011712594980454322
4.686238412103874e-05
2.023500291449022e-05
4.4147332626507524e-05
0.00010718558391406162
6.924626174575899e-05
5.402410441387312e-05
5.8415335421502235e-05
4.785901677347923e-05
5.452110279824396e-05
7.869692888218954e-05
2.765112521048961e-06
2.732358689773451e-05
7.383005395278364e-05
0.00010990308629144768
5.273448821274673e-05
4.7395780516101826e-05
1.0374051806816276e-05
2.3995449891567322e-05
6.457066865118988e-05
5.9947337365563735e-05
1.2386107829130688e-05
5.879205676762034e-05
6.019496238737765e-05
5.6831631772044644e-05
8.713532495833315e-05
6.726919492754113e-05
8.858713765038002e-06
3.92456572473783e-05
1.5576217637660282e-05
3.0763507604812624e-05
6.442210923697121e-05
6.877767712248212e-05
4.904809212448631e-05
8.505746337525433e-06
0.00014753477063300657
0.00014699515534425528
8.325800917749482e-05
7.100826844021364e-05
7.201002610347784e-06
5.399074152101502e-05
5.4200610173339714e-05
6.32309404598741e-05
4.044621821126804e-05
5.310978572073584e-05
4.279945202061153e-05
0.0001225564602999607
5.455684543905631e-05
1.558132588821981e-05
3.528952590112211e-05
3.388718118395653e-05
0.0001271297712459596
4.8380583625273754e-05
5.590014549106126e-05
5.38221221801638e-05
0.00011763370309614274
2.4466653882098538e-05
1.8207033767095142e-05
6.290254803657802e-05
6.788348749520168e-05
7.293926504114978e-05
1.557413992592238e-05
1.2888509262759529e-06
6.113065341240747e-05
9.964784494997936e-06
2.4069695712655714e-05
4.714716741866312e-05
1.033456704915836e-05
5.069532464746507e-05
2.5768566137930604e-05
7.560777674800803e-05
2.9675304428142257e-05
2.2460018520270575e-05
9.461699805653895e-05
7.296863479021309e-06
5.081412443381367e-05
7.17363627358227e-05
4.3812749233984594e-05
0.00012555932528446334
7.663669315116639e-05
2.2085872776383964e-05
0.00010917196114005462
0.00010732634119747265
3.686315608506397e-05
0.0001138137053933383
0.0001749742630668058
9.713415995225155e-05
2.654609181529377e-05
0.00010643138515056133
0.00010656506407616395
4.755359470816692e-05
1.9936562314762374e-05
3.620665839471071e-05
5.2901393837374334e-05
0.00010738944199770867
0.0001043401705242003
2.949602336593804e-05
0.00010778603446279927
4.2625338931547886e-05
0.00018262017199981162
1.2909356265466965e-05
0.0001099054164119817
7.599678184699865e-06
8.159649846114364e-05
5.354158056283809e-05
0.00011967070592964688
3.0297683796497166e-05
4.815859779327969e-05
3.6748317528683544e-05
1.8054151530793108e-05
6.704952172716626e-05
3.7630232417633185e-05
4.003761430249053e-05
0.00011311025784443984
4.8639402227990125e-05
3.6449170160625204e-05
0.00010437642347284164
3.740299567320422e-05
7.05247052910779e-05
1.3746315725989e-05
3.2914969451701415e-05
4.0763037762070464e-05
6.198560761747768e-05
7.184541772440114e-05
7.000119691299989e-05
1.5435264956065176e-05
7.259229418837485e-05
4.918568332928572e-05
1.7375127008660562e-05
2.536060888056607e-05
1.7156595489283694e-05
8.04570175482952e-05
4.440401371941238e-05
2.6626331481330312e-05
8.952629429002587e-05
0.00013655740626879187
6.117554060777047e-05
6.494527422994459e-05
7.111553475888177e-05
2.7683300589068094e-05
9.375530257715176e-06
4.419271449970785e-05
8.669149637907658e-05
1.8497756385531597e-05
0.00012526186020825336
7.246283534704167e-05
0.0001555894519416623
5.099601835096938e-05
4.979549883116219e-05
2.2015718248780125e-05
1.6663964725771585e-05
9.403061579854946e-05
7.183320736704052e-05
6.366247375508977e-05
4.010720822114622e-05
0.00010844372867592424
8.095738773594707e-05
0.00017435948105998245
7.85798007927399e-05
0.00017378455813915963
5.505749900980121e-05
6.366799282131463e-05
8.4307949468879e-05
3.959292398243025e-05
0.00012853730482920156
4.571459538474376e-05
4.5567051670913905e-05
0.0002133742810967454
0.00016399172123499062
0.00014635663233166646
6.137700951797109e-05
2.9988175062861666e-05
0.00019392213846501638
0.00011430382583466417
5.891518326744602e-05
6.324557079859239e-05
7.262085720916023e-05
7.442813208102805e-05
4.342150930919386e-05
8.246571589447596e-06
4.855491885961266e-05
8.586878118975287e-05
2.9159113494983332e-05
9.642593469794819e-06
1.2516649647277556e-05
7.642186699522574e-06
0.0001148112635128741
5.79586519440171e-05
2.5795689713975067e-05
2.0605879311909672e-05
3.843735401732294e-05
2.3810669095870266e-05
8.893470549743362e-05
6.570132237579407e-05
1.1752605272641325e-05
1.964430560498151e-05
3.620796568558739e-05
1.920068629627028e-05
2.3888995648924105e-05
2.583103435127316e-05
3.4850997441375486e-05
5.911051846435936e-05
5.554121977003473e-05
3.1735967011218245e-05
9.195013882633621e-05
5.603807018728091e-05
3.775748056061845e-05
3.928556864824569e-05
5.916728801409754e-05
4.442832848386771e-05
5.0712169434974363e-05
2.0917635403960855e-05
2.0449064687400043e-05
7.34211303664023e-05
4.4867626373281885e-05
2.0675445738471687e-05
4.6742078992002833e-05
5.1049233137201444e-05
2.113283987822956e-05
1.4681813040928748e-05
3.728362105735218e-05
5.2857426924749797e-05
1.9906806451641668e-05
9.921139105244225e-05
5.8415690043021884e-05
3.217816817760455e-05
6.239548663887484e-05
4.664790614631459e-05
1.3212996015480455e-05
1.8283816983242357e-05
1.497145784001841e-05
7.532422298672792e-05
5.199479135550161e-05
1.0344772325213136e-05
3.245998654440724e-05
1.6303667968397238e-05
3.421210101393901e-05
2.326156012670555e-05
4.616808563151151e-06
7.219298733893154e-05
7.191509510979383e-05
4.1613440550536396e-05
6.288171656667133e-05
4.618075631088875e-05
7.462827917806975e-07
9.664500674764695e-05
4.6427754505199564e-05
2.974962541757442e-06
3.513325211524851e-05
8.761509261830114e-06
6.252666411021846e-05
8.681485356043517e-06
5.974855981408971e-05
7.70014920156558e-05
4.499265408700048e-06
1.77866045975323e-05
4.4898524806463724e-05
1.2965264969888243e-06
1.5053594656603587e-05
7.491682196646143e-05
5.420740357474016e-05
2.0819515057723947e-05
2.0239580873712866e-05
3.353182915117464e-05
0.00010287504684447502
4.340766906801418e-05
1.2060983578310314e-05
0.00010736225333355873
6.395563667915827e-05
2.0779158853567736e-05
3.4448741252690596e-05
4.863810975062888e-05
0.00010528612139742988
9.424491234125143e-05
9.05682177694822e-05
5.880708341676755e-05
0.00011206551269381249
1.5666920660961647e-05
0.0001348090926625925
7.356046449341624e-05
7.91709273452396e-05
2.7325601654036406e-05
2.923873475610579e-06
4.051928659275228e-05
5.487145304741009e-05
1.415113324976236e-05
1.8193601910354573e-05
1.9251352337545935e-05
6.442276788454215e-05
2.0453424833423786e-05
5.233107725079525e-05
1.435754868176018e-05
8.599681807013385e-06
5.733756592037065e-05
6.45191098881386e-05
4.383941270798275e-05
3.303240505970334e-05
5.4679157225664965e-05
8.12881645460943e-05
4.7719573847615146e-05
7.183307076863432e-05
1.3059116955316252e-06
3.5066737289146666e-05
0.0001385130495792225
2.5405558914046167e-05
7.886095587428255e-05
6.886002218392528e-05
0.00011327560568014094
0.00014860709542516282
5.615079601881123e-05
2.375763490847227e-05
0.00015735252049651344
0.00010716254601038887
6.669094828161762e-05
0.000177925209867702
5.3522257574933896e-05
5.144261604417277e-06
9.181808701471186e-05
5.462740741817018e-05
2.761771038542471e-05
6.368381559622091e-05
5.2262009670843955e-05
0.00014273112590620918
5.416486573441622e-05
2.554640010470066e-06
7.634175650470323e-05
1.9044852362815057e-05
6.004940424733651e-05
6.151912361823577e-05
1.787086803932761e-05
8.965156264051366e-05
5.6350088658341235e-05
6.391134542995877e-05
6.278176226523491e-05
5.958259829520751e-05
0.00010523190892580692
6.687661610116358e-05
2.123439817891537e-05
0.00011586633656590628
7.261261489399651e-05
0.00011892269680045288
0.00014114341926999008
4.523822762714236e-05
0.00010108746563358695
8.499086699309544e-05
4.0266176203562765e-05
5.6783590481557233e-05
0.0001338788256236914
4.133389375022417e-05
8.347750534831722e-05
0.00013815053797081034
0.0001819080433347886
2.3636286851883015e-05
3.33265724819648e-05
6.0327347136901466e-05
0.00011145682201120152
4.922953668765745e-05
0.0001352256534781493
0.00011928639456909584
7.139122186256008e-05
5.747633624419643e-05
0.0001305099705697782
6.620275152025012e-05
0.00015295224459589305
0.00011645217945360428
0.0001103064141147192
6.868652289829247e-05
3.944769464257064e-05
7.90239645424573e-05
1.9542331243267187e-05
8.836408559739772e-05
6.379922993948739e-05
0.0001328056262265842
4.577382235616129e-05
7.779068480782969e-05
3.754463127837639e-05
1.176475021823914e-05
6.143475950998178e-05
0.0001509642461489935
5.489930612614935e-05
7.245920178172716e-05
0.00010437346384264967
1.517025649876852e-05
0.00010358132810437543
6.1267149755739325e-06
2.3217728877977795e-05
4.935077290305068e-05
1.137385444471839e-05
4.2502255911919945e-05
0.00010777983677079384
0.00017939301887797549
5.71483101114989e-05
6.0041336045806026e-05
6.854788405799561e-05
3.710943457908844e-05
4.0791216280474524e-05
8.922728698650129e-05
3.131054248284998e-05
9.33220566742693e-05
6.189559598815397e-05
4.911435085611652e-05
4.597268164274748e-05
8.601473632830563e-05
1.9185638303026442e-05
0.00010766628786014048
7.046594868408834e-05
7.416284624625451e-05
0.00010224279377046841
4.9348420093459425e-05
3.0633645500252604e-05
2.1257012648141435e-05
4.593828300424041e-05
6.191886414563808e-05
3.9277341923438236e-05
2.257567410793304e-05
3.627656567888743e-05
2.681999132547741e-05
1.2381782007769848e-05
5.163702848506868e-05
3.4047411476667566e-05
1.6172107045055173e-05
1.1553198636771178e-05
2.9654087214892044e-05
0.00020523418415059613
6.696730689077779e-05
2.155974993056642e-05
4.160273473621107e-05
0.000117834692000926
6.662594139655864e-05
9.935187404844226e-06
4.860248426413749e-05
8.673227532722538e-05
1.8249377876866646e-05
0.00010817548753982997
0.00010960786000407952
0.00020956931605910223
3.819358724436225e-05
3.179266161357219e-05
4.784056726558905e-05
2.8169380704934355e-05
0.00010649291156479557
0.00013785300806084567
0.0001594277219079121
4.406088786629292e-06
0.00011335711456172959
8.355172379137521e-05
3.1018418974015916e-05
4.526991316500251e-05
7.975327332920834e-05
3.5494827636081694e-05
1.542483219083013e-05
0.00011693624744912867
1.4962211557860948e-05
0.00011612148976514192
1.0918323631536886e-05
4.7671925103714985e-05
9.148803022140939e-05
2.4015807199066763e-05
2.9476388582000412e-05
7.645891489992118e-05
5.2488123810381926e-05
9.341770001761174e-05
9.491627893397359e-06
9.635870878086511e-05
9.272441185703695e-06
6.651657676037467e-05
1.3540627048230433e-05
9.373375172293252e-05
7.195962073630602e-05
5.042009614086851e-05
2.037692673784175e-05
8.687596668561365e-05
4.445178344193029e-05
1.7934962812181376e-05
3.0274352863346454e-05
4.057594123112185e-05
7.292799878105306e-05
6.745329887197782e-05
2.984671346872858e-05
9.028191749102521e-05
3.1707674108177875e-05
5.4768899967888585e-05
3.4377847641264836e-05
1.2472740263246018e-05
3.430376997901052e-05
7.198700570645693e-05
1.2338302684053795e-05
0.0001117845909673898
